.Random.seed <-
c(403L, 589L, -1563850863L, 1718036253L, 629205266L, 1126024901L, 
-272597509L, 1798412490L, -833556827L, 1303313946L, -1238594528L, 
1012532245L, 1626483639L, -2026126705L, 1661213693L, 1983644830L, 
507831191L, 1029129094L, -132328901L, 1844298873L, 1565305431L, 
-2047612608L, -2119745038L, 1549704623L, -649808376L, 1896991742L, 
-1587390499L, -1262264230L, 864378540L, 1045686638L, 813002312L, 
1264672095L, 1097960297L, -512801546L, -843058145L, -897540473L, 
-226012933L, 721842947L, -1288891843L, -1522474699L, 1889386075L, 
932717679L, 1119379084L, 676495812L, 953611455L, -935757511L, 
-850837732L, -2014918607L, -1226123168L, 1622912725L, 1796647601L, 
-949350076L, -1479842762L, 1857694670L, 763289389L, -1727234429L, 
-1733219603L, 1453812731L, -1669671794L, 1829839327L, 1800277333L, 
-327812275L, -1388130397L, -1247119826L, 327218597L, -445031534L, 
-1753097621L, 1526380633L, 523942416L, -409324764L, 1348928438L, 
-1269783099L, 1352170355L, 492886195L, -1456512388L, -1774113612L, 
-610454116L, 2080954649L, 1520432857L, -29278795L, -1143178649L, 
-2076805310L, -257511353L, -2028456808L, 406446302L, -1433960688L, 
-60791099L, 1521890314L, 366885294L, -1198000968L, -779362363L, 
1886189018L, 523434579L, 1183527637L, 1688614014L, 1509143376L, 
249274707L, 1237603304L, 920331120L, -552954514L, -655560784L, 
1484920625L, -1979641696L, 900455126L, -53309890L, 1090788283L, 
1202727771L, -1424151198L, -443229736L, -386935517L, -952961343L, 
-811631902L, 2144968353L, 1727012417L, -345034898L, 977278388L, 
-1902951464L, 262328141L, -1770174717L, -1409378260L, -641225893L, 
1928072617L, -1358513177L, 2029240620L, -191855371L, -1222923570L, 
-127311451L, 367245802L, 188710882L, -1906618911L, -1783198625L, 
-1319754104L, 2071087244L, -1232968449L, 1290017754L, -1376221905L, 
-1357249592L, 1853973501L, -845239717L, 479666592L, 302484936L, 
-1197120071L, 1729094756L, -1831611615L, -1314006803L, 1367301862L, 
-327871591L, -937342163L, 2086655575L, -1147889746L, 52770836L, 
1997269900L, 220196896L, 918160488L, 1340645757L, 419237289L, 
-453094811L, 443084163L, -1228413648L, 1310873331L, -153847513L, 
-802760689L, -352987618L, 477164650L, -1449842761L, -608890238L, 
983321680L, -567929302L, -2024296757L, -52259673L, 1179011115L, 
1913125011L, 265526017L, 771882382L, -556116755L, 1951092643L, 
-175077603L, 660117922L, -1510909168L, -1119405880L, 22702832L, 
757728552L, 1375068133L, -1657657748L, 1047784780L, 852935828L, 
1430689649L, -1696857580L, 547303224L, 1247439894L, -883494370L, 
991201855L, 1288925403L, -221024801L, -1915100623L, -584015231L, 
-1179820635L, 201089869L, -804948083L, 1855090586L, 1075654498L, 
-1651681120L, 1808874169L, -1081795988L, 1162966146L, 567046972L, 
1831655126L, 55259593L, 383701453L, 170744701L, -632340381L, 
872720883L, -145350013L, -466733209L, 2142634712L, -1752954651L, 
744690444L, 586021230L, -1992182675L, 1895624810L, 1297727305L, 
1119922028L, 1440985333L, 601245934L, -1239030697L, -739287052L, 
126962886L, 103012524L, -191200416L, 331600612L, 96801702L, -1983327239L, 
-144124758L, -745126569L, 867194536L, -616287560L, -1392031653L, 
-839223255L, -438440287L, 1398640561L, -1622593695L, 64069853L, 
2113453029L, -121910064L, 511851975L, 1411853488L, -671852856L, 
127396811L, 1472104311L, -1288017331L, -365265024L, 1094858452L, 
-2135753867L, -46553441L, 993435300L, -708406185L, 1441475507L, 
579792717L, -913603484L, -821735577L, -176404292L, -1276680287L, 
-1090196153L, 475679305L, -39900189L, -1020488286L, -1396977398L, 
276396890L, -801381922L, 461360561L, 165056060L, -1337071826L, 
-548855971L, 342759991L, -1847098477L, 296845822L, 1837702000L, 
1307973944L, 870490849L, 1988590920L, -472967358L, -189271919L, 
-1520020112L, 1940978297L, -2102030754L, -2104747798L, -123322096L, 
327582768L, -1820683140L, 400514664L, 1644102255L, 763180833L, 
1271013208L, 790397696L, 2062711234L, 1636010993L, 2128857412L, 
-2109311349L, 1972632469L, -1704728112L, -75799540L, 862759061L, 
-292127656L, 1199564822L, 1858851573L, -1275304096L, 532105042L, 
222886050L, 177237690L, -450244895L, -1082835896L, 671596225L, 
1636790141L, 2076672204L, 1905557321L, -1222455075L, 1066271832L, 
931641159L, -1861591616L, -776892129L, -1321414804L, 1653877105L, 
-1731671350L, 2057846857L, 277644338L, 73388927L, -1105346475L, 
-833976059L, 1721694111L, -1074129202L, -1185451339L, -1401973900L, 
115822274L, -817974070L, -720641613L, -115642044L, 388043916L, 
873922030L, 964896460L, 439076646L, 654073016L, 100393923L, 2103186559L, 
-1450102560L, -1347892476L, 215087571L, -493739047L, 1745862577L, 
308386452L, -148786820L, 949296719L, -1417784095L, -495350036L, 
-1917962331L, -1367006613L, -331477965L, -1044036640L, -1425583298L, 
-1260216826L, -959620198L, 1977961886L, 626002139L, 1812122690L, 
-1496601763L, -1871752092L, 677526214L, -1005462183L, 1598937387L, 
1052072752L, -1117780902L, 435519531L, -914913581L, 829151055L, 
188691211L, 434244713L, -1630143059L, 634715652L, -2076723825L, 
1923428417L, 1931844300L, -697192287L, 843861706L, 1029345889L, 
1401546477L, 805734562L, -1855530336L, 1380078929L, -954105588L, 
309507831L, -1123965767L, -1895633274L, 52380501L, -907407528L, 
623619545L, -1442629517L, 681301300L, 2062929758L, 353425369L, 
-247925079L, -366192679L, -1543002613L, -1069499268L, 222131920L, 
-547955868L, -780266361L, 1576449041L, 465090019L, 75896615L, 
1360698416L, 882871134L, 5076085L, 1182368099L, -1475841340L, 
1219973248L, 785769370L, -975153644L, 1032632259L, -1796358639L, 
-960012265L, 1553952089L, 293175327L, 931520805L, -262160794L, 
-267280350L, -596238790L, -124731538L, 881910041L, 1724525583L, 
-1530884004L, 1629971131L, -367124979L, -270987496L, 1459085822L, 
1277065668L, -276211919L, 272780450L, 14054661L, 1752313453L, 
1274879559L, -176487779L, 1368098573L, 1586383280L, 943653437L, 
508274863L, 957765862L, 1167973957L, 92333786L, 619292434L, -400080327L, 
-1249390401L, -1857704921L, 226955214L, -1964609631L, -1406026484L, 
1821820653L, 1387740781L, -1421940053L, 1914950738L, -1530152785L, 
-1725198608L, 391212375L, 1071000603L, -1052230573L, 1547170295L, 
847285255L, -250293456L, -1393791398L, -396419683L, 211705515L, 
1831771615L, -583137497L, -160378070L, 1472786518L, 242031537L, 
-559000929L, -1530478319L, -1056368163L, -1795882197L, 20676727L, 
1832591000L, -1179078533L, 1351249583L, -1229988504L, 734583905L, 
-2016306721L, -907143847L, 1682263288L, 2009430482L, 1581069774L, 
-1065179535L, 1127847116L, 1219657885L, -259638664L, -675148622L, 
-974215019L, -1498270679L, -2082590174L, 878989432L, -226798778L, 
594360020L, -790871791L, -1424945227L, 837136876L, -2118174989L, 
1045933479L, -2038102884L, 1615516156L, 2064888217L, 298101741L, 
654459544L, -461346348L, 201964570L, -255310655L, 2066425610L, 
1371043190L, 365999465L, 162346386L, -383202233L, -1244373773L, 
-2037341269L, -215828077L, 2128279150L, 1698439467L, -1593068890L, 
-1398098879L, 665769237L, -498282802L, 271197507L, 598355413L, 
958473758L, -846789868L, -1357725927L, 2144468875L, 1688676015L, 
1180906030L, 410290938L, 247694182L, 1253165255L, 1572210145L, 
-1691004968L, -1039342932L, 775606803L, 976902163L, 1817068190L, 
-70736298L, -577238535L, -322587278L, -1781874134L, 483931061L, 
2014334452L, -11130693L, 1654645518L, 993752361L, -1997111352L, 
-1752834597L, -343597595L, -1749798156L, 211293554L, 1469818983L, 
-1312569824L, 620707473L, 1436138920L, 2127365059L, -1573576746L, 
1452521711L, -370235310L, -281019514L, -1602910027L, -1861851061L, 
443022619L, 1211157040L, -1184105827L, 737207474L, -1334650208L, 
101611025L, -1311206335L, -71625927L, -2029608791L, -659246453L, 
-909658076L, -1718474375L, -796480005L, -1293970360L, 135427464L, 
2009512966L, -371540693L, -1596996542L, 649480037L, -710953802L, 
640216518L, 663780372L, 208520303L, -856183882L, 1972780403L, 
-905295649L, 1610592342L, -986092692L, -1904545162L, -1095510712L, 
-231543614L, 1235896158L, -1835117018L, -461236939L, 1420651646L, 
